CONDOR_TARGET_PCT: 0.11759867133609644
CONDOR_WING_SPREAD: 4
EVENT_MOVE_PCT: 0.0007794934278621906
MAX_LOSS_PER_TRADE: 1473
MAX_SPREAD_PCT: 0.03256751344002387
MIN_IV: 0.34767211261842484
QTY: 14
RISK_PCT_PER_TRADE: 0.0023700659775540683
STOP_LOSS_PCT: 0.39345397833553414
